 5A A5 11 82 60 00 00 0F FF FF 
 FF FF FF FF 00 00 00 FF 62 FD

5A A5 75 82 50 00 00 F0 00 00 
00 00 00 00 00 00 00 00 00 00 
00 00 00 00 00 00 00 00 00 00 
00 00 00 00 00 00 00 00 00 00 
00 00 00 00 00 00 00 00 00 00 
00 00 00 00 00 00 00 00 00 00 
00 00 00 00 00 00 00 00 00 00 
00 00 00 00 00 00 00 00 00 00 
00 00 00 00 00 00 00 00 00 00 
00 00 00 00 00 00 00 00 00 00 
00 00 00 00 00 00 00 00 00 00 
00 00 00 00 00 00 00 00 BB F0 

5A A5 11 82 60 00 00 0F FF FF 
FF FF FF FF 00 00 00 FF 62 FD




01> T_pull_data_Task  
00> [..\..\User_pro\pro_com\usart485verify.c] [141] <<-DEBUG_ARRAY_HEX->> 485 GET-D-PACK -count: 119
00> 
00>  01-02-03-04-05-06-07-08-09-10---11-12-13-14-15-16-17-18-19-20---21-22-23-24-25-26-27-28-29-30---31-32-33-34-35-36-37-38-39-40 
00>  5A A5 75 82 50 00 00 F0 00 00   00 00 00 00 00 00 00 00 00 00   00 00 00 00 00 00 00 00 00 00   00 00 00 00 00 00 00 00 00 00 
00>  00 00 00 00 00 00 00 00 00 00   00 00 00 00 00 00 00 00 00 00   00 00 00 00 00 00 00 00 00 00   00 00 00 00 00 00 00 00 00 00 
00>  00 00 00 00 00 00 00 00 00 00   00 00 00 00 00 00 00 00 00 00   00 00 00 00 00 00 00 00 00 00   00 00 00 00 00 00 00 00 BB 
00> [..\..\User_pro\middle_business\usart_485_dataGet.c] [73] <<-DEBUG_ARRAY_HEX->>    screen_ADDR =5000 
00>  01-02-03-04-05-06-07-08-09-10---11-12-13-14-15-16-17-18-19-20---21-22-23-24-25-26-27-28-29-30---31-32-33-34-35-36-37-38-39-40 
00>  F0 00 00 00 00 00 00 00 00 00   00 00 00 00 00 00 00 00 00 00   00 00 00 00 00 00 00 00 00 00   00 00 00 00 00 00 00 00 00 00 
00>  00 00 00 00 00 00 00 00 00 00   00 00 00 00 00 00 00 00 00 00   00 00 00 00 00 00 00 00 00 00   00 00 00 00 00 00 00 00 00 00 
00>  00 00 00 00 00 00 00 00 00 00   00 00 00 00 00 00 00 00 00 00   00 00 00 00 00 00 00 00 00 00   00 BB F0 
00> [..\..\User_pro\middle_business\usart_485_dataMethod.c] [45] <<-DEBUG_ARRAY_ASCII->> 485 GET REAL DATA = 
00>  01-02-03-04-05-06-07-08-09-10---11-12-13-14-15-16-17-18-19-20---21-22-23-24-25-26-27-28-29-30---31-32-33-34-35-36-37-38-39-40 
00>  T_pull_data_Task  
00> [..\..\Middlewares\Wmap_lib\StateMechine\TaskWorkHandle.c] [37] <<-DEBUG->> 
00>  Handle_test2 is i=30   0000091142
01> T_pull_data_Task  
00> [..\..\User_pro\pro_com\usart485verify.c] [141] <<-DEBUG_ARRAY_HEX->> 485 GET-D-PACK -count: 19
00> 
00>  01-02-03-04-05-06-07-08-09-10---11-12-13-14-15-16-17-18-19-20---21-22-23-24-25-26-27-28-29-30---31-32-33-34-35-36-37-38-39-40 
00>  5A A5 11 82 60 00 00 0F FF FF   FF FF FF FF 00 00 00 FF 62 
00> [..\..\User_pro\middle_business\usart_485_dataGet.c] [73] <<-DEBUG_ARRAY_HEX->>    screen_ADDR =6000 
00>  01-02-03-04-05-06-07-08-09-10---11-12-13-14-15-16-17-18-19-20---21-22-23-24-25-26-27-28-29-30---31-32-33-34-35-36-37-38-39-40 
00>  0F FF FF FF FF FF FF 00 00 00   FF 62 FD 



[..\..\Middlewares\Wmap_lib\StateMechine\TaskWorkHandle.c] [37] <<-DEBUG->> 

